 56 59 99 45 48 54 99 87 13 74 58 19 8 20 53 3 7 7 46 66
 9 56 47 20 62 76 11 25 10 19 6 88 66 21 6 82 79 12 84 67
 96 2 62 93 12 37 96 42 4 10 17 97 11 46 15 83 99 63 75 11
 58 34 79 53 51 78 99 75 2 35 63 78 10 18 16 88 12 9 70 74
 78 69 53 74 68 23 47 83 39 92 69 45 68 6 59 9 87 9 75 89
 92 91 46 20 72 13 70 85 9 50 68 26 45 93 73 6 5 6 89 24
 13 90 31 43 77 62 60 54 66 3 80 19 34 20 91 25 3 39 67 36
 75 41 9 91 37 5 53 76 64 73 35 22 85 86 3 88 0 10 55 38
 20 91 1 51 16 57 91 78 13 61 47 17 33 66 63 79 18 90 94 57
 69 71 98 70 47 67 29 69 54 97 72 96 93 93 31 59 85 24 86 85
 56 62 14 11 31 57 96 32 88 79 67 29 47 83 85 75 75 77 23 37
 22 85 26 36 57 86 79 83 45 0 48 56 54 82 9 3 22 2 85 52
 4 5 60 51 71 83 54 61 45 65 27 10 17 92 83 11 84 45 90 12
 9 80 12 14 9 14 11 48 94 37 29 17 4 19 54 76 13 21 63 44
 33 58 25 49 94 15 17 3 42 99 51 82 77 85 27 91 31 18 56 47
 18 85 38 86 45 37 8 64 95 99 29 56 47 8 83 9 78 58 93 86
 8 91 87 17 52 76 45 44 2 49 21 8 39 56 26 84 91 76 58 54
 20 47 68 49 55 24 11 36 64 49 75 58 12 49 52 20 19 67 38 55
 60 63 13 3 76 48 70 69 70 75 92 76 54 14 32 4 5 38 52 79
 45 92 38 37 87 74 96 84 45 39 2 50 19 20 64 67 21 15 78 42
 75 30 23 63 9 24 36 59 70 77 38 93 37 39 7 86 57 25 71 0
 11 12 32 99 46 25 2 97 12 83 30 24 84 70 49 70 18 1 42 56
 4 45 70 19 31 30 98 10 75 35 75 1 56 50 37 4 92 22 52 80
 82 81 65 86 86 79 13 30 33 41 20 46 68 62 59 49 71 44 59 23
 95 7 38 79 65 88 37 44 79 53 29 25 90 18 48 96 66 15 32 34
 61 67 62 13 58 49 17 55 86 95 26 31 23 6 23 70 57 52 88 68
 22 97 62 40 38 84 87 62 82 45 52 68 98 37 98 66 11 14 92 76
 96 54 94 88 5 79 59 37 57 17 33 98 73 11 9 96 2 91 18 8
 32 90 0 45 41 69 30 27 9 56 33 13 32 96 36 36 83 62 48 77
 52 42 97 23 52 97 92 27 19 85 53 67 42 60 20 9 30 17 95 74
 73 15 35 65 27 58 28 46 23 28 12 33 47 81 4 64 91 35 82 46
 68 53 91 81 6 11 17 43 36 35 41 1 40 19 2 89 76 80 58 94
 55 4 10 66 70 8 34 24 13 71 64 32 74 51 37 76 22 49 66 36
 36 89 16 86 76 53 23 57 0 47 53 5 53 98 27 0 32 0 91 43
 44 40 24 71 49 22 43 63 16 5 35 80 5 69 87 32 51 61 89 12
 2 17 95 17 51 35 54 18 21 41 38 69 31 43 0 83 44 92 97 30
 34 24 80 46 84 48 76 72 63 74 56 43 15 58 94 68 83 50 91 21
 10 19 24 14 10 42 79 6 67 3 94 69 38 88 58 27 32 82 5 36
 2 68 12 62 82 20 55 49 27 56 30 61 55 42 73 79 89 77 62 54
 35 16 51 85 11 1 36 54 62 67 70 81 46 4 82 76 0 54 49 40
 34 44 8 9 47 14 37 58 5 43 44 35 0 72 97 88 60 53 94 1
 77 30 89 0 9 37 89 30 32 16 86 57 19 27 4 75 2 19 91 81
 64 88 37 99 17 93 69 64 15 67 77 86 18 25 92 24 13 23 5 44
 79 93 32 16 36 20 42 44 66 92 93 19 59 81 25 96 27 68 82 48
 11 36 12 89 33 31 69 53 12 35 99 9 40 83 80 41 52 39 50 19
 0 15 5 72 58 25 57 2 29 25 34 52 28 26 43 47 41 31 2 7
 53 72 89 98 56 20 26 61 11 9 77 86 91 78 60 44 77 32 60 15
 36 59 66 4 38 21 46 8 14 99 39 79 55 87 89 63 63 37 85 7
 1 89 38 17 64 27 89 76 16 7 66 25 43 92 94 52 96 48 34 96
 33 41 30 55 80 99 95 59 64 30 62 15 69 91 5 86 10 40 62 30
